  -2.0000000000000000       -8.0000000000000000     
  -1.9900000000000000       -7.8805990000000001     
  -1.9800000000000000       -7.7623919999999993     
  -1.9700000000000000       -7.6453730000000002     
  -1.9600000000000000       -7.5295359999999993     
  -1.9500000000000000       -7.4148749999999994     
  -1.9399999999999999       -7.3013839999999997     
  -1.9299999999999999       -7.1890569999999991     
  -1.9199999999999999       -7.0778879999999997     
  -1.9100000000000001       -6.9678710000000015     
  -1.9000000000000001       -6.8590000000000009     
  -1.8900000000000001       -6.7512690000000006     
  -1.8800000000000001       -6.6446720000000017     
  -1.8700000000000001       -6.5392030000000014     
  -1.8600000000000001       -6.4348560000000008     
  -1.8500000000000001       -6.3316250000000007     
  -1.8400000000000001       -6.2295040000000004     
  -1.8300000000000001       -6.1284870000000007     
  -1.8200000000000001       -6.0285680000000008     
  -1.8100000000000001       -5.9297409999999999     
  -1.8000000000000000       -5.8320000000000007     
  -1.7900000000000000       -5.7353389999999997     
  -1.7800000000000000       -5.6397520000000005     
  -1.7700000000000000       -5.5452330000000005     
  -1.7600000000000000       -5.4517759999999997     
  -1.7500000000000000       -5.3593750000000000     
  -1.7400000000000000       -5.2680240000000005     
  -1.7300000000000000       -5.1777170000000003     
  -1.7200000000000000       -5.0884479999999996     
  -1.7100000000000000       -5.0002109999999993     
  -1.7000000000000000       -4.9129999999999994     
  -1.6899999999999999       -4.8268089999999990     
  -1.6799999999999999       -4.7416319999999992     
  -1.6699999999999999       -4.6574629999999999     
  -1.6600000000000001       -4.5742960000000012     
  -1.6500000000000001       -4.4921250000000015     
  -1.6400000000000001       -4.4109440000000006     
  -1.6300000000000001       -4.3307470000000006     
  -1.6200000000000001       -4.2515280000000013     
  -1.6100000000000001       -4.1732810000000011     
  -1.6000000000000001       -4.0960000000000010     
  -1.5900000000000001       -4.0196790000000009     
  -1.5800000000000001       -3.9443120000000009     
  -1.5700000000000001       -3.8698930000000002     
  -1.5600000000000001       -3.7964160000000002     
  -1.5500000000000000       -3.7238750000000005     
  -1.5400000000000000       -3.6522640000000002     
  -1.5300000000000000       -3.5815770000000002     
  -1.5200000000000000       -3.5118080000000003     
  -1.5100000000000000       -3.4429509999999999     
  -1.5000000000000000       -3.3750000000000000     
  -1.4900000000000000       -3.3079489999999998     
  -1.4800000000000000       -3.2417919999999998     
  -1.4700000000000000       -3.1765229999999995     
  -1.4600000000000000       -3.1121359999999996     
  -1.4500000000000000       -3.0486249999999999     
  -1.4399999999999999       -2.9859839999999997     
  -1.4299999999999999       -2.9242069999999996     
  -1.4199999999999999       -2.8632879999999998     
  -1.4099999999999999       -2.8032209999999993     
  -1.4000000000000001       -2.7440000000000007     
  -1.3900000000000001       -2.6856190000000009     
  -1.3800000000000001       -2.6280720000000009     
  -1.3700000000000001       -2.5713530000000007     
  -1.3600000000000001       -2.5154560000000008     
  -1.3500000000000001       -2.4603750000000004     
  -1.3400000000000001       -2.4061040000000005     
  -1.3300000000000001       -2.3526370000000001     
  -1.3200000000000001       -2.2999680000000002     
  -1.3100000000000001       -2.2480910000000005     
  -1.3000000000000000       -2.1970000000000005     
  -1.2900000000000000       -2.1466890000000003     
  -1.2800000000000000       -2.0971520000000003     
  -1.2700000000000000       -2.0483829999999998     
  -1.2600000000000000       -2.0003760000000002     
  -1.2500000000000000       -1.9531250000000000     
  -1.2400000000000000       -1.9066240000000001     
  -1.2300000000000000       -1.8608669999999998     
  -1.2200000000000000       -1.8158479999999999     
  -1.2100000000000000       -1.7715609999999999     
  -1.2000000000000000       -1.7280000000000000     
  -1.1899999999999999       -1.6851589999999999     
  -1.1799999999999999       -1.6430319999999998     
  -1.1699999999999999       -1.6016129999999997     
  -1.1599999999999999       -1.5608959999999998     
  -1.1500000000000001       -1.5208750000000004     
  -1.1400000000000001       -1.4815440000000004     
  -1.1300000000000001       -1.4428970000000005     
  -1.1200000000000001       -1.4049280000000004     
  -1.1100000000000001       -1.3676310000000003     
  -1.1000000000000001       -1.3310000000000004     
  -1.0900000000000001       -1.2950290000000002     
  -1.0800000000000001       -1.2597120000000002     
  -1.0700000000000001       -1.2250430000000001     
  -1.0600000000000001       -1.1910160000000003     
  -1.0500000000000000       -1.1576250000000001     
  -1.0400000000000000       -1.1248640000000001     
  -1.0300000000000000       -1.0927270000000000     
  -1.0200000000000000       -1.0612079999999999     
  -1.0100000000000000       -1.0303009999999999     
  -1.0000000000000000       -1.0000000000000000     
 -0.98999999999999999      -0.97029899999999991     
 -0.97999999999999998      -0.94119199999999992     
 -0.96999999999999997      -0.91267299999999996     
 -0.95999999999999996      -0.88473599999999997     
 -0.95000000000000007      -0.85737500000000011     
 -0.94000000000000006      -0.83058400000000021     
 -0.93000000000000005      -0.80435700000000010     
 -0.92000000000000004      -0.77868800000000005     
 -0.91000000000000003      -0.75357100000000010     
 -0.90000000000000002      -0.72900000000000009     
 -0.89000000000000001      -0.70496900000000007     
 -0.88000000000000000      -0.68147199999999997     
 -0.87000000000000000      -0.65850300000000006     
 -0.85999999999999999      -0.63605599999999995     
 -0.84999999999999998      -0.61412499999999992     
 -0.83999999999999997      -0.59270399999999990     
 -0.83000000000000007      -0.57178700000000016     
 -0.82000000000000006      -0.55136800000000008     
 -0.81000000000000005      -0.53144100000000016     
 -0.80000000000000004      -0.51200000000000012     
 -0.79000000000000004      -0.49303900000000012     
 -0.78000000000000003      -0.47455200000000003     
 -0.77000000000000002      -0.45653300000000002     
 -0.76000000000000001      -0.43897600000000003     
 -0.75000000000000000      -0.42187500000000000     
 -0.73999999999999999      -0.40522399999999997     
 -0.72999999999999998      -0.38901699999999995     
 -0.71999999999999997      -0.37324799999999997     
 -0.70999999999999996      -0.35791099999999998     
 -0.70000000000000007      -0.34300000000000008     
 -0.69000000000000006      -0.32850900000000011     
 -0.68000000000000005      -0.31443200000000010     
 -0.67000000000000004      -0.30076300000000006     
 -0.66000000000000003      -0.28749600000000003     
 -0.65000000000000002      -0.27462500000000006     
 -0.64000000000000001      -0.26214400000000004     
 -0.63000000000000000      -0.25004700000000002     
 -0.62000000000000000      -0.23832800000000001     
 -0.60999999999999999      -0.22698099999999999     
 -0.59999999999999998      -0.21600000000000000     
 -0.58999999999999997      -0.20537899999999998     
 -0.57999999999999996      -0.19511199999999998     
 -0.57000000000000006      -0.18519300000000005     
 -0.56000000000000005      -0.17561600000000005     
 -0.55000000000000004      -0.16637500000000005     
 -0.54000000000000004      -0.15746400000000002     
 -0.53000000000000003      -0.14887700000000004     
 -0.52000000000000002      -0.14060800000000001     
 -0.51000000000000001      -0.13265099999999999     
 -0.50000000000000000      -0.12500000000000000     
 -0.48999999999999999      -0.11764899999999999     
 -0.47999999999999998      -0.11059200000000000     
 -0.47000000000000003      -0.10382300000000003     
 -0.46000000000000002       -9.7336000000000006E-002
 -0.45000000000000001       -9.1125000000000012E-002
 -0.44000000000000000       -8.5183999999999996E-002
 -0.42999999999999999       -7.9506999999999994E-002
 -0.41999999999999998       -7.4087999999999987E-002
 -0.41000000000000003       -6.8921000000000010E-002
 -0.40000000000000002       -6.4000000000000015E-002
 -0.39000000000000001       -5.9319000000000004E-002
 -0.38000000000000000       -5.4872000000000004E-002
 -0.37000000000000000       -5.0652999999999997E-002
 -0.35999999999999999       -4.6655999999999996E-002
 -0.35000000000000003       -4.2875000000000010E-002
 -0.34000000000000002       -3.9304000000000013E-002
 -0.33000000000000002       -3.5937000000000004E-002
 -0.32000000000000001       -3.2768000000000005E-002
 -0.31000000000000000       -2.9791000000000002E-002
 -0.29999999999999999       -2.7000000000000000E-002
 -0.28999999999999998       -2.4388999999999997E-002
 -0.28000000000000003       -2.1952000000000006E-002
 -0.27000000000000002       -1.9683000000000003E-002
 -0.26000000000000001       -1.7576000000000001E-002
 -0.25000000000000000       -1.5625000000000000E-002
 -0.23999999999999999       -1.3823999999999999E-002
 -0.23000000000000001       -1.2167000000000001E-002
 -0.22000000000000000       -1.0647999999999999E-002
 -0.20999999999999999       -9.2609999999999984E-003
 -0.20000000000000001       -8.0000000000000019E-003
 -0.19000000000000000       -6.8590000000000005E-003
 -0.17999999999999999       -5.8319999999999995E-003
 -0.17000000000000001       -4.9130000000000016E-003
 -0.16000000000000000       -4.0960000000000007E-003
 -0.14999999999999999       -3.3750000000000000E-003
 -0.14000000000000001       -2.7440000000000008E-003
 -0.13000000000000000       -2.1970000000000002E-003
 -0.12000000000000000       -1.7279999999999999E-003
 -0.11000000000000000       -1.3309999999999999E-003
 -0.10000000000000001       -1.0000000000000002E-003
  -8.9999999999999997E-002  -7.2899999999999994E-004
  -8.0000000000000002E-002  -5.1200000000000009E-004
  -7.0000000000000007E-002  -3.4300000000000010E-004
  -5.9999999999999998E-002  -2.1599999999999999E-004
  -5.0000000000000003E-002  -1.2500000000000003E-004
  -4.0000000000000001E-002  -6.4000000000000011E-005
  -2.9999999999999999E-002  -2.6999999999999999E-005
  -2.0000000000000000E-002  -8.0000000000000013E-006
  -1.0000000000000000E-002  -1.0000000000000002E-006
   0.0000000000000000        0.0000000000000000     
